0.000000 1.000000 1.000000
0.100000 1.105171 1.100000
0.200000 1.221403 1.210000
0.300000 1.349859 1.331000
0.400000 1.491825 1.464100
0.500000 1.648721 1.610510
0.600000 1.822119 1.771561
0.700000 2.013753 1.948717
0.800000 2.225541 2.143589
0.900000 2.459603 2.357948
1.000000 2.718282 2.593742
1.100000 3.004166 2.853117
1.200000 3.320117 3.138428
1.300000 3.669297 3.452271
1.400000 4.055200 3.797498
1.500000 4.481689 4.177248
1.600000 4.953032 4.594973
1.700000 5.473947 5.054470
1.800000 6.049647 5.559917
1.900000 6.685894 6.115909
2.000000 7.389056 6.727500
2.100000 8.166170 7.400250
2.200000 9.025013 8.140275
2.300000 9.974182 8.954302
2.400000 11.023176 9.849733
2.500000 12.182494 10.834706
2.600000 13.463738 11.918177
2.700000 14.879732 13.109994
2.800000 16.444647 14.420994
2.900000 18.174145 15.863093
3.000000 20.085537 17.449402
3.100000 22.197951 19.194342
3.200000 24.532530 21.113777
3.300000 27.112639 23.225154
3.400000 29.964100 25.547670
3.500000 33.115452 28.102437
3.600000 36.598234 30.912681
3.700000 40.447304 34.003949
3.800000 44.701184 37.404343
3.900000 49.402449 41.144778
4.000000 54.598150 45.259256
4.100000 60.340288 49.785181
4.200000 66.686331 54.763699
4.300000 73.699794 60.240069
4.400000 81.450869 66.264076
4.500000 90.017131 72.890484
4.600000 99.484316 80.179532
4.700000 109.947172 88.197485
4.800000 121.510418 97.017234
4.900000 134.289780 106.718957
5.000000 148.413159 117.390853
5.100000 164.021907 129.129938
5.200000 181.272242 142.042932
5.300000 200.336810 156.247225
5.400000 221.406416 171.871948
5.500000 244.691932 189.059142
5.600000 270.426407 207.965057
5.700000 298.867401 228.761562
5.800000 330.299560 251.637719
5.900000 365.037468 276.801490
6.000000 403.428793 304.481640
6.100000 445.857770 334.929803
6.200000 492.749041 368.422784
6.300000 544.571910 405.265062
6.400000 601.845038 445.791568
6.500000 665.141633 490.370725
6.600000 735.095189 539.407798
6.700000 812.405825 593.348578
6.800000 897.847292 652.683435
6.900000 992.274716 717.951779
7.000000 1096.633158 789.746957
7.100000 1211.967074 868.721652
7.200000 1339.430764 955.593818
7.300000 1480.299928 1051.153200
7.400000 1635.984430 1156.268519
7.500000 1808.042414 1271.895371
7.600000 1998.195895 1399.084909
7.700000 2208.347992 1538.993399
7.800000 2440.601978 1692.892739
7.900000 2697.282328 1862.182013
8.000000 2980.957987 2048.400215
8.100000 3294.468075 2253.240236
8.200000 3640.950307 2478.564260
8.300000 4023.872394 2726.420686
8.400000 4447.066748 2999.062754
8.500000 4914.768840 3298.969030
8.600000 5431.659591 3628.865933
8.700000 6002.912217 3991.752526
8.800000 6634.244006 4390.927778
8.900000 7331.973539 4830.020556
9.000000 8103.083928 5313.022612
9.100000 8955.292703 5844.324873
9.200000 9897.129059 6428.757360
9.300000 10938.019208 7071.633096
9.400000 12088.380730 7778.796406
9.500000 13359.726830 8556.676047
9.600000 14764.781566 9412.343651
9.700000 16317.607198 10353.578016
9.800000 18033.744928 11388.935818
9.900000 19930.370438 12527.829400
