0.000000 1.000000 1.000000
0.100000 0.904837 0.900000
0.200000 0.818731 0.810000
0.300000 0.740818 0.729000
0.400000 0.670320 0.656100
0.500000 0.606531 0.590490
0.600000 0.548812 0.531441
0.700000 0.496585 0.478297
0.800000 0.449329 0.430467
0.900000 0.406570 0.387420
1.000000 0.367879 0.348678
1.100000 0.332871 0.313811
1.200000 0.301194 0.282430
1.300000 0.272532 0.254187
1.400000 0.246597 0.228768
1.500000 0.223130 0.205891
1.600000 0.201897 0.185302
1.700000 0.182684 0.166772
1.800000 0.165299 0.150095
1.900000 0.149569 0.135085
2.000000 0.135335 0.121577
2.100000 0.122456 0.109419
2.200000 0.110803 0.098477
2.300000 0.100259 0.088629
2.400000 0.090718 0.079766
2.500000 0.082085 0.071790
2.600000 0.074274 0.064611
2.700000 0.067206 0.058150
2.800000 0.060810 0.052335
2.900000 0.055023 0.047101
3.000000 0.049787 0.042391
3.100000 0.045049 0.038152
3.200000 0.040762 0.034337
3.300000 0.036883 0.030903
3.400000 0.033373 0.027813
3.500000 0.030197 0.025032
3.600000 0.027324 0.022528
3.700000 0.024724 0.020276
3.800000 0.022371 0.018248
3.900000 0.020242 0.016423
4.000000 0.018316 0.014781
4.100000 0.016573 0.013303
4.200000 0.014996 0.011973
4.300000 0.013569 0.010775
4.400000 0.012277 0.009698
4.500000 0.011109 0.008728
4.600000 0.010052 0.007855
4.700000 0.009095 0.007070
4.800000 0.008230 0.006363
4.900000 0.007447 0.005726
5.000000 0.006738 0.005154
5.100000 0.006097 0.004638
5.200000 0.005517 0.004175
5.300000 0.004992 0.003757
5.400000 0.004517 0.003381
5.500000 0.004087 0.003043
5.600000 0.003698 0.002739
5.700000 0.003346 0.002465
5.800000 0.003028 0.002219
5.900000 0.002739 0.001997
6.000000 0.002479 0.001797
6.100000 0.002243 0.001617
6.200000 0.002029 0.001456
6.300000 0.001836 0.001310
6.400000 0.001662 0.001179
6.500000 0.001503 0.001061
6.600000 0.001360 0.000955
6.700000 0.001231 0.000860
6.800000 0.001114 0.000774
6.900000 0.001008 0.000696
7.000000 0.000912 0.000627
7.100000 0.000825 0.000564
7.200000 0.000747 0.000508
7.300000 0.000676 0.000457
7.400000 0.000611 0.000411
7.500000 0.000553 0.000370
7.600000 0.000500 0.000333
7.700000 0.000453 0.000300
7.800000 0.000410 0.000270
7.900000 0.000371 0.000243
8.000000 0.000335 0.000218
8.100000 0.000304 0.000197
8.200000 0.000275 0.000177
8.300000 0.000249 0.000159
8.400000 0.000225 0.000143
8.500000 0.000203 0.000129
8.600000 0.000184 0.000116
8.700000 0.000167 0.000104
8.800000 0.000151 0.000094
8.900000 0.000136 0.000085
9.000000 0.000123 0.000076
9.100000 0.000112 0.000069
9.200000 0.000101 0.000062
9.300000 0.000091 0.000056
9.400000 0.000083 0.000050
9.500000 0.000075 0.000045
9.600000 0.000068 0.000040
9.700000 0.000061 0.000036
9.800000 0.000055 0.000033
9.900000 0.000050 0.000030
