0.000000 1.000000 1.000000
0.100000 1.105171 0.900000
0.200000 1.221403 0.810000
0.300000 1.349859 0.729000
0.400000 1.491825 0.656100
0.500000 1.648721 0.590490
0.600000 1.822119 0.531441
0.700000 2.013753 0.478297
0.800000 2.225541 0.430467
0.900000 2.459603 0.387420
1.000000 2.718282 0.348678
1.100000 3.004166 0.313811
1.200000 3.320117 0.282430
1.300000 3.669297 0.254187
1.400000 4.055200 0.228768
1.500000 4.481689 0.205891
1.600000 4.953032 0.185302
1.700000 5.473947 0.166772
1.800000 6.049647 0.150095
1.900000 6.685894 0.135085
2.000000 7.389056 0.121577
2.100000 8.166170 0.109419
2.200000 9.025013 0.098477
2.300000 9.974182 0.088629
2.400000 11.023176 0.079766
2.500000 12.182494 0.071790
2.600000 13.463738 0.064611
2.700000 14.879732 0.058150
2.800000 16.444647 0.052335
2.900000 18.174145 0.047101
3.000000 20.085537 0.042391
3.100000 22.197951 0.038152
3.200000 24.532530 0.034337
3.300000 27.112639 0.030903
3.400000 29.964100 0.027813
3.500000 33.115452 0.025032
3.600000 36.598234 0.022528
3.700000 40.447304 0.020276
3.800000 44.701184 0.018248
3.900000 49.402449 0.016423
4.000000 54.598150 0.014781
4.100000 60.340288 0.013303
4.200000 66.686331 0.011973
4.300000 73.699794 0.010775
4.400000 81.450869 0.009698
4.500000 90.017131 0.008728
4.600000 99.484316 0.007855
4.700000 109.947172 0.007070
4.800000 121.510418 0.006363
4.900000 134.289780 0.005726
5.000000 148.413159 0.005154
5.100000 164.021907 0.004638
5.200000 181.272242 0.004175
5.300000 200.336810 0.003757
5.400000 221.406416 0.003381
5.500000 244.691932 0.003043
5.600000 270.426407 0.002739
5.700000 298.867401 0.002465
5.800000 330.299560 0.002219
5.900000 365.037468 0.001997
6.000000 403.428793 0.001797
6.100000 445.857770 0.001617
6.200000 492.749041 0.001456
6.300000 544.571910 0.001310
6.400000 601.845038 0.001179
6.500000 665.141633 0.001061
6.600000 735.095189 0.000955
6.700000 812.405825 0.000860
6.800000 897.847292 0.000774
6.900000 992.274716 0.000696
7.000000 1096.633158 0.000627
7.100000 1211.967074 0.000564
7.200000 1339.430764 0.000508
7.300000 1480.299928 0.000457
7.400000 1635.984430 0.000411
7.500000 1808.042414 0.000370
7.600000 1998.195895 0.000333
7.700000 2208.347992 0.000300
7.800000 2440.601978 0.000270
7.900000 2697.282328 0.000243
8.000000 2980.957987 0.000218
8.100000 3294.468075 0.000197
8.200000 3640.950307 0.000177
8.300000 4023.872394 0.000159
8.400000 4447.066748 0.000143
8.500000 4914.768840 0.000129
8.600000 5431.659591 0.000116
8.700000 6002.912217 0.000104
8.800000 6634.244006 0.000094
8.900000 7331.973539 0.000085
9.000000 8103.083928 0.000076
9.100000 8955.292703 0.000069
9.200000 9897.129059 0.000062
9.300000 10938.019208 0.000056
9.400000 12088.380730 0.000050
9.500000 13359.726830 0.000045
9.600000 14764.781566 0.000040
9.700000 16317.607198 0.000036
9.800000 18033.744928 0.000033
9.900000 19930.370438 0.000030
